9223372036854775808,116155
9223372036854775808,116154
13835058055282163712,116144
9223372036854775808,116141
9223372036854775808,116135
9223372036854775808,116134
9223372036854775808,116133
9223372036854775808,116132
9223372036854775808,116131
9223372036854775808,116130
9223372036854775808,116129
9223372036854775808,116128
9223372036854775808,116127
9223372036854775808,116126
9223372036854775808,116125
9223372036854775808,116124
9223372036854775808,116123
9223372036854775808,116121
9223372036854775808,116120
0,116119
9223372036854775808,116086
9223372036854775808,116083
9223372036854775808,115999
9223372036854775808,115998
9223372036854775808,115996
9223372036854775808,115988
9223372036854775808,115959
9223372036854775808,115952
9223372036854775808,115936
9223372036854775808,115928
9223372036854775808,115927
9223372036854775808,115926
9223372036854775808,115908
9223372036854775808,115906
9223372036854775808,115876
9223372036854775808,115875
9223372036854775808,115874
9223372036854775808,115873
9223372036854775808,115872
9223372036854775808,115871
9223372036854775808,115870
9223372036854775808,115869
11529215046068469760,115852
11529215046068469760,115851
11529215046068469760,115850
11529215046068469760,115849
11529215046068469760,115848
9223372036854775808,115847
9223372036854775808,115846
9223372036854775808,115845
9223372036854775808,115844
9223372036854775808,115843
9223372036854775808,115842
9223372036854775808,115841
11529215046068469760,115840
9223372036854775808,115839
9223372036854775808,115838
11529215046068469760,115837
9223372036854775808,115836
9223372036854775808,115823
11529215046068469760,115778
11529215046068469760,115768
11529215046068469760,115765
11529215046068469760,115763
11529215046068469760,115761
9223372036854775808,115760
11529215046068469760,115759
11529215046068469760,115757
11529215046068469760,115755
11529215046068469760,115752
11529215046068469760,115749
9223372036854775808,115748
11529215046068469760,115746
9223372036854775808,115745
11529215046068469760,115744
11529215046068469760,115742
9223372036854775808,115741
11529215046068469760,115740
9223372036854775808,115739
9223372036854775808,115738
9223372036854775808,115737
16140901064495857664,115736
9223372036854775808,115735
16140901064495857664,115734
9223372036854775808,115733
9223372036854775808,115732
9223372036854775808,115731
11529215046068469760,115669
11529215046068469760,115649
13835058055282163712,115414
9223372036854775808,115347
9223372036854775808,115243
11529215046068469760,115218
9223372036854775808,115214
9223372036854775808,115182
9223372036854775808,115112
9223372036854775808,114993
10952754293765046272,114846
9799832789158199296,114719
11817445422220181504,114586
13835058055282163712,114459
12105675798371893248,114438
9223372036854775808,114326
0,114324
12682136550675316736,114123
9223372036854775808,114079
11529215046068469760,114078
9223372036854775808,113793
11529215046068469760,113711
9223372036854775808,113692
13835058055282163712,113690
9223372036854775808,113641
9223372036854775808,113630
9223372036854775808,113611
9223372036854775808,113545
11529215046068469760,113487
9223372036854775808,113485
9223372036854775808,113468
9223372036854775808,113388
11529215046068469760,113325
9223372036854775808,113152
13835058055282163712,113088
9223372036854775808,113023
9223372036854775808,112907
0,112708
0,112707
9223372036854775808,112634
9223372036854775808,112544
13835058055282163712,112449
11529215046068469760,112386
9223372036854775808,112349
9223372036854775808,112347
9223372036854775808,112169
11529215046068469760,112036
13835058055282163712,111976
11529215046068469760,111887
9223372036854775808,111856
12682136550675316736,111115
13835058055282163712,110918
12105675798371893248,110841
9223372036854775808,110750
9223372036854775808,110094
9223372036854775808,110093
9223372036854775808,110092
9223372036854775808,110091
9223372036854775808,110090
9223372036854775808,110089
9223372036854775808,110080
9223372036854775808,110079
9223372036854775808,110078
9223372036854775808,110077
9223372036854775808,110076
9223372036854775808,110075
9223372036854775808,110074
9223372036854775808,110068
9223372036854775808,110062
11529215046068469760,110061
11529215046068469760,110060
11529215046068469760,110058
11529215046068469760,110056
9223372036854775808,110046
9223372036854775808,110032
9223372036854775808,110031
9223372036854775808,110011
9223372036854775808,110002
9223372036854775808,109941
9223372036854775808,109901
9223372036854775808,109900
9223372036854775808,109899
9223372036854775808,109898
11529215046068469760,109866
9223372036854775808,109828
11907517414767591424,109826
9223372036854775808,109825
9223372036854775808,109824
9223372036854775808,109772
9223372036854775808,109764
9223372036854775808,109726
9223372036854775808,109671
9223372036854775808,109555
9223372036854775808,109543
13835058055282163712,109376
9223372036854775808,109349
9223372036854775808,109315
9223372036854775808,109046
10376293541461622784,108910
9223372036854775808,108682
9223372036854775808,108569
9223372036854775808,108556
9223372036854775808,108518
13835058055282163712,108512
9223372036854775808,108490
9223372036854775808,108044
11673330234144325632,108007
9223372036854775808,107420
9223372036854775808,107415
9223372036854775808,107385
9223372036854775808,107384
12105675798371893248,107345
11331056662464167936,107226
13258597302978740224,107078
9223372036854775808,107076
9223372036854775808,107050
9223372036854775808,107011
9799832789158199296,106861
9223372036854775808,106695
9223372036854775808,106663
16140901064495857664,106649
9223372036854775808,106640
9223372036854775808,106608
9223372036854775808,106582
9223372036854775808,106550
11529215046068469760,106549
9223372036854775808,106548
0,106547
9223372036854775808,106390
0,106389
9223372036854775808,106357
9223372036854775808,106278
9223372036854775808,106106
9223372036854775808,106058
11817445422220181504,106033
10376293541461622784,106025
10376293541461622784,106024
9223372036854775808,106023
9223372036854775808,106022
12682136550675316736,106021
9223372036854775808,106020
9223372036854775808,106018
11529215046068469760,106017
9223372036854775808,106016
9223372036854775808,106015
9223372036854775808,106014
12790222941732208640,105985
11529215046068469760,105960
11529215046068469760,105959
11529215046068469760,105957
9511602413006487552,105955
11529215046068469760,105952
11529215046068469760,105943
9223372036854775808,105939
12682136550675316736,105907
9223372036854775808,105906
9223372036854775808,105872
11529215046068469760,105827
11997589407315001344,105820
11240984669916758016,105594
9223372036854775808,105591
12682136550675316736,105558
12682136550675316736,105557
9223372036854775808,105532
9223372036854775808,105425
9223372036854775808,105397
9223372036854775808,105376
9223372036854775808,105193
9223372036854775808,105171
9223372036854775808,104921
9223372036854775808,104789
11529215046068469760,104633
9223372036854775808,104546
9223372036854775808,104545
9223372036854775808,104528
9223372036854775808,104472
0,104470
9223372036854775808,104410
11529215046068469760,103758
10952754293765046272,103598
11997589407315001344,103574
9223372036854775808,103011
10376293541461622784,102834
9223372036854775808,102832
14987979559889010688,102831
9223372036854775808,102758
11529215046068469760,102725
12105675798371893248,102662
9223372036854775808,101465
11673330234144325632,100878
9223372036854775808,100657
9223372036854775808,100539
13835058055282163712,100316
12105675798371893248,99989
9223372036854775808,99982
11529215046068469760,99698
0,99161
11529215046068469760,98611
13258597302978740224,98405
9223372036854775808,98102
9223372036854775808,97851
11529215046068469760,97748
11529215046068469760,97743
9223372036854775808,97739
9223372036854775808,97642
11529215046068469760,97546
12249790986447749120,97466
11096869481840902144,97465
9223372036854775808,97459
9223372036854775808,96735
0,96620
9223372036854775808,95452
9223372036854775808,95363
0,95362
9223372036854775808,95359
11529215046068469760,95132
9889904781705609216,94897
9223372036854775808,94439
0,94403
11331056662464167936,93859
15942742680891555840,93599
9223372036854775808,93469
0,93200
9223372036854775808,93027
9223372036854775808,92886
9223372036854775808,92871
11529215046068469760,92851
11529215046068469760,92617
9223372036854775808,92576
9223372036854775808,92554
9223372036854775808,92514
9223372036854775808,92513
9223372036854775808,92510
9799832789158199296,92437
9223372036854775808,92144
9223372036854775808,91904
9223372036854775808,91680
9223372036854775808,91373
12393906174523604992,91338
13835058055282163712,90990
9223372036854775808,90919
10376293541461622784,90455
10664523917613334528,90384
11313042263954685952,90294
12682136550675316736,90119
0,90039
9223372036854775808,89837
11331056662464167936,89714
9223372036854775808,89619
10376293541461622784,89617
9223372036854775808,89596
11529215046068469760,89569
11529215046068469760,89530
9223372036854775808,89402
11529215046068469760,89255
9223372036854775808,89247
9223372036854775808,89144
9223372036854775808,89075
12682136550675316736,89064
9223372036854775808,89033
9223372036854775808,89025
9223372036854775808,88993
9223372036854775808,88972
9223372036854775808,88947
9223372036854775808,88943
9223372036854775808,88899
9223372036854775808,88894
11529215046068469760,88874
9223372036854775808,88870
9223372036854775808,88852
9223372036854775808,88833
9223372036854775808,88798
9223372036854775808,88794
11331056662464167936,88768
13835058055282163712,88764
11529215046068469760,88623
9223372036854775808,88404
12682136550675316736,88401
9223372036854775808,88225
11529215046068469760,87779
11817445422220181504,87766
9223372036854775808,87676
9223372036854775808,87622
11529215046068469760,87558
9223372036854775808,87557
13835058055282163712,87520
9223372036854775808,87481
13835058055282163712,87388
13835058055282163712,87359
9223372036854775808,87336
13835058055282163712,87318
9223372036854775808,87311
0,87259
9223372036854775808,87186
9223372036854775808,87137
9223372036854775808,87131
9223372036854775808,87116
9835861586177163264,87100
9223372036854775808,87094
0,86843
9223372036854775808,86759
11331056662464167936,86667
11331056662464167936,86663
9511602413006487552,86604
11817445422220181504,86388
10376293541461622784,86354
12682136550675316736,86351
13258597302978740224,86318
9223372036854775808,86112
9223372036854775808,86057
10952754293765046272,85955
9223372036854775808,85697
11331056662464167936,85589
9223372036854775808,85170
9223372036854775808,85095
0,84407
13402712491054596096,84405
11817445422220181504,84143
11817445422220181504,83103
9223372036854775808,83100
11529215046068469760,83020
11529215046068469760,82999
9223372036854775808,82887
9223372036854775808,80815
11961560610296037376,80392
9799832789158199296,80126
10952754293765046272,79736
12682136550675316736,79722
9223372036854775808,79492
9223372036854775808,79129
10376293541461622784,78854
10376293541461622784,78851
9223372036854775808,78644
9223372036854775808,78108
11529215046068469760,77984
9223372036854775808,77981
9223372036854775808,77942
14987979559889010688,77939
11529215046068469760,77927
12393906174523604992,77926
9223372036854775808,77914
9223372036854775808,77769
12393906174523604992,77185
9223372036854775808,77035
11529215046068469760,76485
11529215046068469760,76444
9223372036854775808,76158
9511602413006487552,76006
11817445422220181504,75854
9223372036854775808,75518
10376293541461622784,75311
11817445422220181504,75162
12682136550675316736,75098
13835058055282163712,75072
9223372036854775808,75061
11673330234144325632,74605
9223372036854775808,74392
9223372036854775808,73617
0,73246
12682136550675316736,73187
11529215046068469760,73185
9223372036854775808,73016
9223372036854775808,72958
9223372036854775808,72934
9223372036854775808,72900
11529215046068469760,72843
9223372036854775808,72842
11529215046068469760,72839
9223372036854775808,72813
9223372036854775808,72781
12682136550675316736,72172
9223372036854775808,72155
10376293541461622784,72145
9223372036854775808,71311
11529215046068469760,70929
11529215046068469760,70749
9223372036854775808,70732
9223372036854775808,70671
9223372036854775808,70636
13835058055282163712,70635
9223372036854775808,70469
9223372036854775808,70290
9223372036854775808,70236
9223372036854775808,70133
9223372036854775808,70046
14987979559889010688,69844
11529215046068469760,69669
11529215046068469760,69586
9223372036854775808,69512
9223372036854775808,69510
17870283321406128128,69497
9223372036854775808,69404
0,69114
9223372036854775808,68981
9223372036854775808,68911
0,68677
10142106360838356992,68647
9223372036854775808,68585
9223372036854775808,68580
11529215046068469760,68568
9223372036854775808,68387
9223372036854775808,68137
9223372036854775808,67910
9223372036854775808,67909
11529215046068469760,67756
9223372036854775808,67657
9223372036854775808,67656
11529215046068469760,67570
9223372036854775808,67435
9223372036854775808,67375
13258597302978740224,67092
11817445422220181504,67091
11673330234144325632,67082
10376293541461622784,67031
9223372036854775808,67008
9223372036854775808,66999
9223372036854775808,66921
9223372036854775808,66920
12682136550675316736,66789
13835058055282163712,66723
9223372036854775808,66611
12105675798371893248,66424
10376293541461622784,66420
10376293541461622784,66419
11817445422220181504,66275
9223372036854775808,66120
9223372036854775808,65975
9655717601082343424,65709
9655717601082343424,65708
9223372036854775808,65497
11529215046068469760,65492
9223372036854775808,65482
9223372036854775808,65481
11529215046068469760,65480
9223372036854775808,65066
9223372036854775808,65064
9223372036854775808,64909
9223372036854775808,64833
9223372036854775808,64816
10268207150404730880,64729
9727775195120271360,64692
9331458427911667712,64691
9331458427911667712,64690
9439544818968559616,64685
9223372036854775808,64646
9223372036854775808,64634
16140901064495857664,64631
9223372036854775808,64623
13835058055282163712,64567
9223372036854775808,64566
9223372036854775808,64565
9223372036854775808,64520
9367487224930631680,64431
9367487224930631680,64430
9367487224930631680,64429
11213963072152535040,64428
11213963072152535040,64427
11213963072152535040,64424
11213963072152535040,64423
11213963072152535040,64422
13519806081366228992,64407
13519806081366228992,64406
13519806081366228992,64405
11529215046068469760,64391
10061041567545688064,64152
10061041567545688064,64151
10061041567545688064,64150
10061041567545688064,64148
9223372036854775808,64141
13546827679130451968,64127
13546827679130451968,64125
9367487224930631680,63955
11781416625201217536,63949
11781416625201217536,63947
11781416625201217536,63945
11781416625201217536,63944
11781416625201217536,63942
9223372036854775808,63672
9223372036854775808,63625
11637301437125361664,63621
9223372036854775808,63536
13690942867206307840,63535
13690942867206307840,63534
12105675798371893248,63439
12682136550675316736,63400
12700150949184798720,63238
9223372036854775808,63231
13060438919374438400,63176
9223372036854775808,63174
10088063165309911040,62923
10088063165309911040,62922
10088063165309911040,62921
10088063165309911040,62920
10088063165309911040,62919
10088063165309911040,62918
10088063165309911040,62917
10088063165309911040,62916
10088063165309911040,62914
10088063165309911040,62842
9223372036854775808,62829
10088063165309911040,62813
10088063165309911040,62811
10088063165309911040,62810
10088063165309911040,62809
10088063165309911040,62769
10088063165309911040,62768
10088063165309911040,62767
10088063165309911040,62766
10088063165309911040,62765
10088063165309911040,62764
9223372036854775808,62708
9223372036854775808,62707
0,62463
11529215046068469760,62350
13835058055282163712,62236
11529215046068469760,61977
9223372036854775808,61845
12682136550675316736,61760
12682136550675316736,61522
9223372036854775808,61308
12682136550675316736,61289
13114482114902884352,61105
9223372036854775808,61068
13835058055282163712,61067
9799832789158199296,61058
9223372036854775808,60910
9367487224930631680,60786
9223372036854775808,60647
9223372036854775808,60641
9223372036854775808,60555
11529215046068469760,60507
9223372036854775808,60489
9223372036854775808,60463
9223372036854775808,60444
12970366926827028480,60435
9223372036854775808,60428
9223372036854775808,60344
9223372036854775808,60270
9223372036854775808,60226
9223372036854775808,60189
9223372036854775808,60186
9223372036854775808,60184
9223372036854775808,59944
9223372036854775808,59877
9223372036854775808,59593
9223372036854775808,59591
11529215046068469760,59269
9223372036854775808,58876
13690942867206307840,58817
9223372036854775808,58746
11529215046068469760,58699
11529215046068469760,58698
11529215046068469760,58697
9223372036854775808,58210
14411518807585587200,57964
9223372036854775808,57853
9223372036854775808,57849
9223372036854775808,57847
9223372036854775808,57759
9223372036854775808,57632
9223372036854775808,57631
13835058055282163712,57593
9223372036854775808,57533
9223372036854775808,57345
9223372036854775808,57344
11529215046068469760,57185
9223372036854775808,57171
9223372036854775808,57069
11907517414767591424,57004
9223372036854775808,56747
9223372036854775808,56664
11529215046068469760,56362
9223372036854775808,56294
9223372036854775808,56209
0,56200
9223372036854775808,56178
13835058055282163712,55902
9223372036854775808,55888
9223372036854775808,55887
9223372036854775808,55886
9223372036854775808,55885
9223372036854775808,55836
9223372036854775808,55835
9223372036854775808,55834
9223372036854775808,55833
9223372036854775808,55832
9223372036854775808,55831
9223372036854775808,55830
9223372036854775808,55829
9223372036854775808,55828
9223372036854775808,55827
0,55756
9223372036854775808,55602
9223372036854775808,55483
9223372036854775808,55477
9223372036854775808,55455
11889503016258109440,55449
9223372036854775808,55448
9223372036854775808,55446
9223372036854775808,55405
9223372036854775808,55402
11817445422220181504,55315
9223372036854775808,54999
12682136550675316736,54962
9223372036854775808,54919
9223372036854775808,54846
9223372036854775808,54814
10376293541461622784,54781
9223372036854775808,54765
9223372036854775808,54739
9223372036854775808,54561
12105675798371893248,54471
9223372036854775808,54403
9223372036854775808,54100
9223372036854775808,54058
9223372036854775808,54049
9223372036854775808,53933
9223372036854775808,53814
9223372036854775808,53740
9223372036854775808,53739
0,53734
9511602413006487552,53667
9223372036854775808,53172
9223372036854775808,52620
11529215046068469760,52522
11529215046068469760,52486
9223372036854775808,52433
13835058055282163712,51844
9223372036854775808,51817
9223372036854775808,51814
9223372036854775808,51808
0,51788
9223372036854775808,51718
9223372036854775808,51717
9223372036854775808,51701
9223372036854775808,51611
12393906174523604992,51595
12393906174523604992,51593
12393906174523604992,51591
9223372036854775808,51528
9223372036854775808,51517
9799832789158199296,51492
9223372036854775808,51490
9223372036854775808,51437
10376293541461622784,51433
9223372036854775808,51425
14987979559889010688,51406
12682136550675316736,51382
9223372036854775808,51368
10376293541461622784,51255
9223372036854775808,51168
9223372036854775808,51137
9223372036854775808,51122
9223372036854775808,51121
9223372036854775808,50986
9799832789158199296,50910
9223372036854775808,50903
9223372036854775808,50742
9223372036854775808,50694
13835058055282163712,50641
17293822569102704640,50478
17293822569102704640,50475
17293822569102704640,50472
17293822569102704640,50471
17293822569102704640,50469
17293822569102704640,50468
17293822569102704640,50465
17293822569102704640,50464
17293822569102704640,50462
17293822569102704640,50460
17293822569102704640,50455
17293822569102704640,50454
17293822569102704640,50451
17293822569102704640,50450
17293822569102704640,50449
17293822569102704640,50448
17293822569102704640,50446
14123288431433875456,50445
17293822569102704640,50441
17293822569102704640,50439
17293822569102704640,50437
17293822569102704640,50435
17293822569102704640,50434
17293822569102704640,50433
17293822569102704640,50432
17293822569102704640,50428
17293822569102704640,50426
17293822569102704640,50425
17293822569102704640,50424
17293822569102704640,50422
17293822569102704640,50421
17293822569102704640,50420
17293822569102704640,50419
17293822569102704640,50418
17293822569102704640,50417
17293822569102704640,50414
17293822569102704640,50413
17293822569102704640,50412
17293822569102704640,50386
17293822569102704640,50385
17293822569102704640,50384
17293822569102704640,50383
17293822569102704640,50381
9511602413006487552,50380
9223372036854775808,50346
9511602413006487552,50313
9511602413006487552,50312
9511602413006487552,50309
9511602413006487552,50307
9511602413006487552,50306
9223372036854775808,50290
9223372036854775808,50168
9223372036854775808,50026
9367487224930631680,50019
9223372036854775808,49894
9223372036854775808,49892
13114482114902884352,49890
11529215046068469760,49887
11817445422220181504,49886
11529215046068469760,49884
9223372036854775808,49883
11817445422220181504,49880
9601674405553897472,49877
12682136550675316736,49872
11529215046068469760,49868
9223372036854775808,49866
10376293541461622784,49863
10376293541461622784,49839
9223372036854775808,49706
12682136550675316736,49678
12105675798371893248,49652
9223372036854775808,49643
9223372036854775808,49642
9223372036854775808,49641
9223372036854775808,49640
9223372036854775808,49639
9223372036854775808,49638
9223372036854775808,49637
9511602413006487552,49636
9511602413006487552,49635
9511602413006487552,49634
9511602413006487552,49633
9511602413006487552,49632
9511602413006487552,49630
9511602413006487552,49629
9511602413006487552,49628
9223372036854775808,49413
9223372036854775808,49372
9223372036854775808,49362
13979173243358019584,49333
14987979559889010688,49303
9223372036854775808,49264
9223372036854775808,49208
10376293541461622784,49179
9223372036854775808,49122
12393906174523604992,49039
10376293541461622784,48960
13690942867206307840,48944
13690942867206307840,48943
13690942867206307840,48940
13690942867206307840,48935
9223372036854775808,48920
9223372036854775808,48872
10376293541461622784,48831
10952754293765046272,48692
10952754293765046272,48691
9223372036854775808,48690
9223372036854775808,48672
9223372036854775808,48593
12393906174523604992,48349
9223372036854775808,48316
13835058055282163712,47968
13835058055282163712,47967
13835058055282163712,47965
11529215046068469760,47865
9223372036854775808,47736
12718165347694280704,47717
9223372036854775808,47532
9799832789158199296,47364
11529215046068469760,47117
9223372036854775808,47074
11529215046068469760,46780
11529215046068469760,46751
9223372036854775808,46713
9223372036854775808,46635
9223372036854775808,46568
9223372036854775808,46317
9223372036854775808,46316
9511602413006487552,46304
9511602413006487552,46303
9511602413006487552,46302
9511602413006487552,46301
9511602413006487552,46300
9511602413006487552,46299
9511602413006487552,46298
9511602413006487552,46297
9511602413006487552,46296
9511602413006487552,46295
9511602413006487552,46294
9511602413006487552,46293
9511602413006487552,46292
9511602413006487552,46291
9511602413006487552,46290
9511602413006487552,46289
9511602413006487552,46288
9511602413006487552,46287
9511602413006487552,46286
9511602413006487552,46285
9511602413006487552,46284
9511602413006487552,46283
9511602413006487552,46282
9511602413006487552,46281
9511602413006487552,46280
9511602413006487552,46279
9511602413006487552,46278
9511602413006487552,46277
9511602413006487552,46276
9511602413006487552,46275
9511602413006487552,46274
10664523917613334528,46023
10664523917613334528,46022
10664523917613334528,46021
10664523917613334528,46020
10376293541461622784,46019
10376293541461622784,46018
13835058055282163712,46006
9223372036854775808,46004
9799832789158199296,45996
9799832789158199296,45994
9799832789158199296,45993
9223372036854775808,45990
9223372036854775808,45989
10520408729537478656,45979
9655717601082343424,45892
11961560610296037376,45891
9223372036854775808,45874
9223372036854775808,45841
9223372036854775808,45735
9223372036854775808,45734
9223372036854775808,45733
9223372036854775808,45732
9223372036854775808,45730
9223372036854775808,45729
9223372036854775808,45728
9223372036854775808,45727
9223372036854775808,45726
9223372036854775808,45725
9223372036854775808,45724
9223372036854775808,45723
9223372036854775808,45722
9223372036854775808,45721
9223372036854775808,45720
9223372036854775808,45719
9223372036854775808,45718
9223372036854775808,45717
9223372036854775808,45716
9223372036854775808,45715
0,45714
9223372036854775808,45608
9223372036854775808,45463
9223372036854775808,45282
9223372036854775808,45280
12105675798371893248,45177
12105675798371893248,45176
12105675798371893248,45175
12682136550675316736,45156
11529215046068469760,45082
12682136550675316736,44930
9223372036854775808,44875
9223372036854775808,44747
9223372036854775808,44745
13835058055282163712,44602
10952754293765046272,44416
10376293541461622784,44284
9223372036854775808,44170
9223372036854775808,44169
9223372036854775808,44039
9223372036854775808,43978
9223372036854775808,43844
9223372036854775808,43829
9223372036854775808,43775
11529215046068469760,43731
9223372036854775808,43551
9223372036854775808,43546
9223372036854775808,43545
9223372036854775808,43544
9223372036854775808,43541
9223372036854775808,43540
9223372036854775808,43538
9223372036854775808,43537
9223372036854775808,43533
9223372036854775808,43531
9223372036854775808,43213
9223372036854775808,43211
13546827679130451968,43208
9655717601082343424,43189
9655717601082343424,43188
9655717601082343424,43187
9655717601082343424,43186
9655717601082343424,43185
9223372036854775808,43182
9223372036854775808,43145
9223372036854775808,42871
13835058055282163712,42845
12682136550675316736,42312
9223372036854775808,42311
9655717601082343424,42303
9367487224930631680,42234
9223372036854775808,42143
9223372036854775808,41973
9223372036854775808,41962
9223372036854775808,41805
0,41785
11529215046068469760,41673
11529215046068469760,41672
11529215046068469760,41670
12682136550675316736,41613
13835058055282163712,41562
9223372036854775808,41539
0,41538
0,41429
9223372036854775808,41375
9223372036854775808,41373
11529215046068469760,41319
9223372036854775808,41293
9223372036854775808,41292
9223372036854775808,41291
9223372036854775808,41290
9223372036854775808,41288
9223372036854775808,41287
9223372036854775808,41214
9223372036854775808,41150
9223372036854775808,41149
9223372036854775808,41148
9223372036854775808,41147
9223372036854775808,41145
11529215046068469760,41126
11529215046068469760,41125
11529215046068469760,41124
9223372036854775808,41123
11529215046068469760,41122
11529215046068469760,41121
11529215046068469760,41120
13835058055282163712,40982
13835058055282163712,40980
13835058055282163712,40977
13835058055282163712,40976
13835058055282163712,40974
13835058055282163712,40973
13835058055282163712,40971
13835058055282163712,40970
9223372036854775808,40969
9223372036854775808,40871
9223372036854775808,40856
9223372036854775808,40781
9223372036854775808,40776
10466365534009032704,40727
11817445422220181504,40534
11529215046068469760,40523
9799832789158199296,40136
9223372036854775808,40045
11529215046068469760,39998
9223372036854775808,39920
9223372036854775808,39919
9223372036854775808,39866
9223372036854775808,39823
10952754293765046272,39780
11529215046068469760,39748
9223372036854775808,39568
9223372036854775808,39449
9223372036854775808,39448
9223372036854775808,39446
12826251738751172608,39375
11529215046068469760,39315
0,39090
9223372036854775808,39057
9223372036854775808,39046
9223372036854775808,38832
9223372036854775808,38831
13258597302978740224,38781
11529215046068469760,38455
11529215046068469760,38413
9223372036854775808,38295
11240984669916758016,38136
11529215046068469760,37954
9223372036854775808,37880
9601674405553897472,37827
9223372036854775808,37800
9223372036854775808,37773
11529215046068469760,37630
10376293541461622784,37566
0,37535
12772208543222726656,37273
9223372036854775808,37231
11529215046068469760,36953
9601674405553897472,36738
11349071060973649920,36631
9223372036854775808,36549
9223372036854775808,36517
9223372036854775808,36485
9223372036854775808,36467
9223372036854775808,36427
9223372036854775808,36425
9223372036854775808,36423
9223372036854775808,36360
9223372036854775808,36293
0,36171
9223372036854775808,36014
11529215046068469760,35906
11331056662464167936,35751
9223372036854775808,35749
9223372036854775808,35746
11529215046068469760,35686
0,35641
9223372036854775808,35597
9223372036854775808,35550
9223372036854775808,35549
9223372036854775808,35543
11907517414767591424,35505
9223372036854775808,35493
9223372036854775808,35492
9223372036854775808,35488
13835058055282163712,35401
9799832789158199296,35365
0,35342
9223372036854775808,35289
11475171850540023808,35274
9799832789158199296,35272
9223372036854775808,35193
9223372036854775808,35190
10088063165309911040,35160
13835058055282163712,35151
13835058055282163712,35136
9223372036854775808,35123
11331056662464167936,35056
9223372036854775808,35037
9223372036854775808,35020
11529215046068469760,35011
10376293541461622784,34976
9223372036854775808,34944
13835058055282163712,34908
0,34806
10376293541461622784,34766
11186941474388312064,34746
12393906174523604992,34734
9223372036854775808,34720
9223372036854775808,34650
9223372036854775808,34649
9223372036854775808,34648
10376293541461622784,34627
11529215046068469760,34624
9223372036854775808,34609
12105675798371893248,34544
9223372036854775808,34509
10376293541461622784,34507
11529215046068469760,34492
9223372036854775808,34452
9223372036854775808,34450
9223372036854775808,34449
9223372036854775808,34447
9223372036854775808,34393
9223372036854775808,34363
16140901064495857664,34361
0,34358
11529215046068469760,34355
9223372036854775808,34295
11529215046068469760,34279
9223372036854775808,34267
13835058055282163712,34258
9223372036854775808,34165
10376293541461622784,34158
9223372036854775808,34128
11529215046068469760,34058
10376293541461622784,34043
9223372036854775808,34009
9223372036854775808,33989
9223372036854775808,33988
9223372036854775808,33987
0,33945
10178135157857320960,33944
13186539708940812288,33926
0,33856
9223372036854775808,33844
10376293541461622784,33826
9223372036854775808,33823
0,33750
9223372036854775808,33742
9223372036854775808,33739
9223372036854775808,33738
9223372036854775808,33737
9223372036854775808,33736
9223372036854775808,33735
9223372036854775808,33734
9223372036854775808,33733
9223372036854775808,33732
9223372036854775808,33731
9223372036854775808,33730
9223372036854775808,33729
9223372036854775808,33728
9223372036854775808,33727
9223372036854775808,33726
9223372036854775808,33725
9223372036854775808,33724
9223372036854775808,33722
9223372036854775808,33721
9223372036854775808,33720
9223372036854775808,33719
9223372036854775808,33718
9223372036854775808,33717
9223372036854775808,33716
9223372036854775808,33715
9223372036854775808,33714
9223372036854775808,33713
9223372036854775808,33712
9223372036854775808,33711
9223372036854775808,33710
9223372036854775808,33709
9223372036854775808,33708
9223372036854775808,33707
9223372036854775808,33706
9223372036854775808,33705
9223372036854775808,33704
9223372036854775808,33703
9223372036854775808,33702
9223372036854775808,33700
9223372036854775808,33699
9223372036854775808,33698
9223372036854775808,33697
9223372036854775808,33696
9223372036854775808,33695
9223372036854775808,33694
9223372036854775808,33687
9223372036854775808,33686
9223372036854775808,33685
9223372036854775808,33684
9223372036854775808,33683
9223372036854775808,33682
9223372036854775808,33680
9223372036854775808,33679
9223372036854775808,33678
9223372036854775808,33677
9223372036854775808,33676
9223372036854775808,33675
9223372036854775808,33674
9223372036854775808,33673
9223372036854775808,33672
9223372036854775808,33670
9223372036854775808,33669
13835058055282163712,33662
13835058055282163712,33661
13835058055282163712,33660
13835058055282163712,33659
13835058055282163712,33658
13835058055282163712,33657
13835058055282163712,33656
13835058055282163712,33655
13835058055282163712,33654
13835058055282163712,33653
13835058055282163712,33652
13835058055282163712,33651
13835058055282163712,33650
13835058055282163712,33649
13835058055282163712,33648
13835058055282163712,33647
13835058055282163712,33646
13835058055282163712,33645
13835058055282163712,33644
13835058055282163712,33643
13835058055282163712,33642
13835058055282163712,33641
13835058055282163712,33640
13835058055282163712,33639
13835058055282163712,33638
13835058055282163712,33637
13835058055282163712,33636
13835058055282163712,33635
13835058055282163712,33634
13835058055282163712,33633
13835058055282163712,33632
13835058055282163712,33631
13835058055282163712,33630
13835058055282163712,33629
13835058055282163712,33628
13835058055282163712,33627
13835058055282163712,33626
13835058055282163712,33625
13835058055282163712,33624
13835058055282163712,33623
13835058055282163712,33622
13835058055282163712,33621
13835058055282163712,33620
13835058055282163712,33619
13835058055282163712,33618
13835058055282163712,33617
13835058055282163712,33616
13835058055282163712,33615
13835058055282163712,33614
13835058055282163712,33613
13835058055282163712,33612
13835058055282163712,33611
13835058055282163712,33610
13835058055282163712,33609
13835058055282163712,33608
13835058055282163712,33607
13835058055282163712,33606
13835058055282163712,33605
13835058055282163712,33604
13835058055282163712,33603
13835058055282163712,33602
13835058055282163712,33601
13835058055282163712,33600
13835058055282163712,33578
13835058055282163712,33577
13835058055282163712,33576
13835058055282163712,33575
13835058055282163712,33574
13835058055282163712,33573
13835058055282163712,33572
13835058055282163712,33571
13835058055282163712,33570
13835058055282163712,33569
13835058055282163712,33568
13835058055282163712,33567
13835058055282163712,33566
13835058055282163712,33565
13835058055282163712,33564
13835058055282163712,33563
13835058055282163712,33562
13835058055282163712,33561
9223372036854775808,33514
9223372036854775808,33513
9223372036854775808,33512
9223372036854775808,33511
9223372036854775808,33510
9223372036854775808,33509
9223372036854775808,33508
9223372036854775808,33507
9223372036854775808,33506
9223372036854775808,33505
9223372036854775808,33504
9223372036854775808,33503
9223372036854775808,33502
9223372036854775808,33501
9223372036854775808,33500
9223372036854775808,33499
9223372036854775808,33498
9223372036854775808,33497
9223372036854775808,33496
9223372036854775808,33495
9223372036854775808,33494
9223372036854775808,33493
9223372036854775808,33492
9223372036854775808,33491
9223372036854775808,33490
9223372036854775808,33489
9223372036854775808,33488
9223372036854775808,33487
9223372036854775808,33486
9223372036854775808,33485
9223372036854775808,33484
9223372036854775808,33483
9223372036854775808,33482
9223372036854775808,33481
9223372036854775808,33480
9223372036854775808,33479
9223372036854775808,33478
9223372036854775808,33477
9223372036854775808,33476
9223372036854775808,33475
9223372036854775808,33474
9223372036854775808,33473
9223372036854775808,33472
9223372036854775808,33471
9223372036854775808,33470
9223372036854775808,33469
9223372036854775808,33468
9223372036854775808,33467
9223372036854775808,33466
9223372036854775808,33465
9223372036854775808,33464
9223372036854775808,33463
9223372036854775808,33462
9223372036854775808,33461
9223372036854775808,33460
9223372036854775808,33459
9799832789158199296,33377
9223372036854775808,33338
9223372036854775808,33337
9223372036854775808,33336
9223372036854775808,33335
9223372036854775808,33334
9223372036854775808,33333
9223372036854775808,33332
9223372036854775808,33331
9223372036854775808,33330
9223372036854775808,33329
9223372036854775808,33328
9223372036854775808,33327
9223372036854775808,33292
9223372036854775808,33276
11529215046068469760,33266
9223372036854775808,33219
12105675798371893248,33164
11331056662464167936,33149
9223372036854775808,33143
13835058055282163712,33081
9223372036854775808,33069
9223372036854775808,33040
13835058055282163712,33037
9223372036854775808,32965
9223372036854775808,32950
9223372036854775808,32905
12970366926827028480,32861
12970366926827028480,32860
0,32679
11529215046068469760,32588
10952754293765046272,32553
9655717601082343424,32504
9223372036854775808,32478
14123288431433875456,32427
9223372036854775808,32373
9655717601082343424,32138
9655717601082343424,32137
9655717601082343424,32136
13690942867206307840,32089
9223372036854775808,32050
9889904781705609216,32048
9655717601082343424,32035
9223372036854775808,32028
9223372036854775808,31899
9223372036854775808,31827
9367487224930631680,31673
9367487224930631680,31672
11673330234144325632,31517
9223372036854775808,31367
9223372036854775808,31311
10952754293765046272,31231
11817445422220181504,31230
10088063165309911040,31172
9223372036854775808,30981
9223372036854775808,30958
9223372036854775808,30956
9223372036854775808,30950
9223372036854775808,30947
9223372036854775808,30945
9223372036854775808,30944
9223372036854775808,30942
9223372036854775808,30940
17293822569102704640,30939
9223372036854775808,30938
9223372036854775808,30936
11529215046068469760,30934
9223372036854775808,30933
9223372036854775808,30931
9223372036854775808,30928
9223372036854775808,30817
9223372036854775808,30751
10952754293765046272,30562
12249790986447749120,30493
9223372036854775808,30363
9223372036854775808,30362
9691746398101307392,30349
9691746398101307392,30346
9223372036854775808,30339
9223372036854775808,30332
9223372036854775808,30331
9223372036854775808,30330
9223372036854775808,30329
9223372036854775808,30323
9223372036854775808,30306
17293822569102704640,30293
9655717601082343424,30246
9223372036854775808,30225
9223372036854775808,30062
11817445422220181504,30028
9223372036854775808,29947
9223372036854775808,29761
9223372036854775808,29385
9223372036854775808,29379
9223372036854775808,29378
9799832789158199296,29377
9799832789158199296,29376
9799832789158199296,29375
9799832789158199296,29374
9799832789158199296,29373
9799832789158199296,29372
9799832789158199296,29371
9223372036854775808,29370
9223372036854775808,29369
9223372036854775808,29368
9223372036854775808,29367
9223372036854775808,29366
9223372036854775808,29365
9223372036854775808,29364
9223372036854775808,29363
0,29362
11907517414767591424,29338
10376293541461622784,29081
9223372036854775808,29019
9511602413006487552,28971
9223372036854775808,28772
11529215046068469760,28538
9223372036854775808,28494
9223372036854775808,28456
0,28442
0,28441
0,28440
0,28439
0,28437
9223372036854775808,28422
9223372036854775808,28420
12970366926827028480,28396
9223372036854775808,28384
9223372036854775808,28383
9223372036854775808,28380
11529215046068469760,28338
9223372036854775808,28325
0,28315
0,28314
11817445422220181504,28302
13258597302978740224,28299
11529215046068469760,28286
9223372036854775808,28252
9223372036854775808,28248
13258597302978740224,28240
0,28227
9223372036854775808,28225
9223372036854775808,28223
10304235947423694848,28204
9223372036854775808,28189
9223372036854775808,28188
9223372036854775808,28183
9223372036854775808,28016
11529215046068469760,27980
0,27979
0,27964
9223372036854775808,27962
9223372036854775808,27928
9223372036854775808,27926
9223372036854775808,27877
9223372036854775808,27873
9223372036854775808,27870
9223372036854775808,27868
9223372036854775808,27841
9223372036854775808,27840
9223372036854775808,27837
10952754293765046272,27836
9223372036854775808,27758
9223372036854775808,27756
9223372036854775808,27754
9223372036854775808,27732
9223372036854775808,27702
9223372036854775808,27684
9223372036854775808,27675
9223372036854775808,27666
9223372036854775808,27619
9223372036854775808,27616
9223372036854775808,27593
9223372036854775808,27591
10268207150404730880,27578
9223372036854775808,27560
9223372036854775808,27558
9223372036854775808,27527
9223372036854775808,27523
9223372036854775808,27499
9223372036854775808,27495
9223372036854775808,27467
9223372036854775808,27464
9223372036854775808,27460
9223372036854775808,27441
9223372036854775808,27437
9223372036854775808,27412
9223372036854775808,27409
9223372036854775808,27354
9223372036854775808,27351
9223372036854775808,27350
9223372036854775808,27264
9223372036854775808,27260
9223372036854775808,27256
9223372036854775808,27249
9223372036854775808,27224
9223372036854775808,27198
9223372036854775808,27197
9223372036854775808,27157
9223372036854775808,27156
13835058055282163712,27153
9223372036854775808,27151
9223372036854775808,27120
9223372036854775808,27119
9655717601082343424,27090
9223372036854775808,27065
9223372036854775808,27060
9223372036854775808,27044
9223372036854775808,27040
9223372036854775808,27009
9223372036854775808,27003
13835058055282163712,26967
13835058055282163712,26964
13835058055282163712,26949
13835058055282163712,26946
13835058055282163712,26942
9223372036854775808,26867
9223372036854775808,26866
9223372036854775808,26864
9223372036854775808,26836
9223372036854775808,26832
9223372036854775808,26808
13835058055282163712,26795
9223372036854775808,26784
9223372036854775808,26781
9223372036854775808,26779
9223372036854775808,26758
9223372036854775808,26750
9223372036854775808,26749
9223372036854775808,26744
10952754293765046272,26710
9223372036854775808,26700
9223372036854775808,26668
9223372036854775808,26644
10088063165309911040,26643
9223372036854775808,26639
9223372036854775808,26609
9223372036854775808,26562
9223372036854775808,26559
0,26528
9223372036854775808,26524
9223372036854775808,26499
9223372036854775808,26495
9223372036854775808,26483
9223372036854775808,26479
9223372036854775808,26455
9223372036854775808,26448
12682136550675316736,26446
9223372036854775808,26414
9223372036854775808,26407
9223372036854775808,26390
9223372036854775808,26389
9223372036854775808,26380
9223372036854775808,26375
9223372036854775808,26374
9223372036854775808,26367
9223372036854775808,26346
9223372036854775808,26344
9223372036854775808,26343
9223372036854775808,26340
9223372036854775808,26336
9223372036854775808,26318
9223372036854775808,26314
9223372036854775808,26312
9223372036854775808,26311
9223372036854775808,26280
9223372036854775808,26274
9223372036854775808,26257
12772208543222726656,26244
9313444029402185728,26243
9313444029402185728,26242
9313444029402185728,26241
9313444029402185728,26240
9223372036854775808,26228
11529215046068469760,26224
9223372036854775808,26218
9223372036854775808,26212
9223372036854775808,26189
9223372036854775808,26187
9223372036854775808,26173
9223372036854775808,26164
9223372036854775808,26163
9223372036854775808,26158
9223372036854775808,26140
9223372036854775808,26129
9223372036854775808,26126
9223372036854775808,26119
9223372036854775808,26104
9223372036854775808,26101
13835058055282163712,26024
9223372036854775808,26018
9223372036854775808,26013
9223372036854775808,25981
9223372036854775808,25978
9223372036854775808,25951
0,25948
9223372036854775808,25919
9223372036854775808,25915
9223372036854775808,25854
9223372036854775808,25849
9223372036854775808,25817
0,25815
9223372036854775808,25812
0,25786
0,25784
0,25764
9223372036854775808,25762
9223372036854775808,25707
9745789593629753344,25691
9799832789158199296,25690
9511602413006487552,25689
9223372036854775808,25680
0,25677
0,25647
0,25640
0,25612
9223372036854775808,25609
0,25577
9223372036854775808,25574
11529215046068469760,25549
9223372036854775808,25548
11529215046068469760,25544
11529215046068469760,25535
11529215046068469760,25525
11529215046068469760,25524
11529215046068469760,25523
11529215046068469760,25522
11529215046068469760,25521
11529215046068469760,25520
9223372036854775808,25519
9223372036854775808,25518
0,25510
9223372036854775808,25505
13258597302978740224,25486
0,25471
9223372036854775808,25468
0,25428
9223372036854775808,25424
9223372036854775808,25342
9223372036854775808,25330
9223372036854775808,25326
9223372036854775808,25325
9223372036854775808,25320
9223372036854775808,25316
9223372036854775808,25312
9223372036854775808,25306
9223372036854775808,25279
16140901064495857664,25272
9511602413006487552,25269
9511602413006487552,25268
9511602413006487552,25267
9511602413006487552,25266
9511602413006487552,25265
11817445422220181504,25258
11817445422220181504,25257
10376293541461622784,25255
10376293541461622784,25251
10376293541461622784,25250
10376293541461622784,25248
9223372036854775808,25219
9223372036854775808,25217
9223372036854775808,25178
9223372036854775808,25176
9223372036854775808,25143
9223372036854775808,25140
9223372036854775808,25139
9223372036854775808,25132
9223372036854775808,25090
9223372036854775808,25088
9223372036854775808,25046
9223372036854775808,25043
11961560610296037376,25033
9223372036854775808,24978
11673330234144325632,24958
9223372036854775808,24936
9223372036854775808,24934
0,24905
9223372036854775808,24903
9223372036854775808,24890
9223372036854775808,24880
9223372036854775808,24878
10952754293765046272,24876
12105675798371893248,24875
9223372036854775808,24840
9223372036854775808,24839
13060438919374438400,24812
9223372036854775808,24806
0,24707
9223372036854775808,24663
9223372036854775808,24662
13835058055282163712,24605
9223372036854775808,24576
9223372036854775808,24501
9367487224930631680,24498
9223372036854775808,24497
9799832789158199296,24496
12682136550675316736,24470
9223372036854775808,24462
9223372036854775808,24460
9223372036854775808,24428
9223372036854775808,24427
10376293541461622784,24388
9223372036854775808,24375
9277415232383221760,24353
9277415232383221760,24349
9223372036854775808,24347
9277415232383221760,24344
9277415232383221760,24342
9277415232383221760,24340
9277415232383221760,24339
9277415232383221760,24326
9277415232383221760,24323
9277415232383221760,24322
9277415232383221760,24321
9223372036854775808,24303
9223372036854775808,24301
9223372036854775808,24256
9223372036854775808,24255
9223372036854775808,24217
9223372036854775808,24216
9223372036854775808,24211
9223372036854775808,24120
9223372036854775808,24117
9223372036854775808,24116
9223372036854775808,24026
10952754293765046272,24022
9223372036854775808,23988
12105675798371893248,23924
0,23864
9223372036854775808,23851
9223372036854775808,23850
9223372036854775808,23815
9223372036854775808,23809
9223372036854775808,23808
9223372036854775808,23807
9223372036854775808,23772
13348669295526150144,23690
13348669295526150144,23688
13348669295526150144,23687
13348669295526150144,23686
13348669295526150144,23685
9799832789158199296,23619
16140901064495857664,23517
11529215046068469760,23510
0,23373
10952754293765046272,23292
10952754293765046272,23291
9223372036854775808,23251
9223372036854775808,23122
10106077563819393024,23062
10106077563819393024,23061
11331056662464167936,23053
9223372036854775808,23015
9223372036854775808,23011
13060438919374438400,22981
13060438919374438400,22979
11835459820729663488,22962
11835459820729663488,22961
11835459820729663488,22960
11835459820729663488,22959
11835459820729663488,22958
11835459820729663488,22957
11835459820729663488,22956
11835459820729663488,22955
11835459820729663488,22954
11835459820729663488,22953
11835459820729663488,22952
11835459820729663488,22951
11835459820729663488,22950
11835459820729663488,22949
11835459820729663488,22948
9511602413006487552,22930
11331056662464167936,22839
11331056662464167936,22838
11331056662464167936,22837
11331056662464167936,22836
9223372036854775808,22640
9223372036854775808,22598
9223372036854775808,22596
9223372036854775808,22593
9223372036854775808,22441
9601674405553897472,22431
9601674405553897472,22429
9601674405553897472,22428
9601674405553897472,22427
10376293541461622784,22379
9799832789158199296,22378
9223372036854775808,22340
9223372036854775808,22334
9511602413006487552,22239
9223372036854775808,22222
9223372036854775808,22217
9223372036854775808,22135
9223372036854775808,22132
9223372036854775808,22089
10952754293765046272,22079
9655717601082343424,22074
9223372036854775808,22056
9223372036854775808,22044
9223372036854775808,21923
9223372036854775808,21793
12538021362599460864,21791
9223372036854775808,21778
11529215046068469760,21763
11529215046068469760,21762
11529215046068469760,21737
9223372036854775808,21732
9223372036854775808,21685
9223372036854775808,21657
9655717601082343424,21576
11817445422220181504,21537
9223372036854775808,21519
9223372036854775808,21518
9223372036854775808,21517
9223372036854775808,21496
9223372036854775808,21405
13258597302978740224,21400
13258597302978740224,21399
13258597302978740224,21398
13258597302978740224,21397
13258597302978740224,21396
13258597302978740224,21395
13258597302978740224,21394
13258597302978740224,21393
13258597302978740224,21392
13258597302978740224,21391
13258597302978740224,21390
13258597302978740224,21389
13258597302978740224,21388
13258597302978740224,21387
13258597302978740224,21386
13258597302978740224,21385
13258597302978740224,21384
13258597302978740224,21383
13258597302978740224,21382
13258597302978740224,21381
13258597302978740224,21380
13258597302978740224,21379
13258597302978740224,21378
13258597302978740224,21377
13258597302978740224,21376
13258597302978740224,21375
13258597302978740224,21374
13258597302978740224,21373
13258597302978740224,21372
13258597302978740224,21371
13258597302978740224,21370
13258597302978740224,21369
13258597302978740224,21368
13258597302978740224,21367
13258597302978740224,21366
13258597302978740224,21365
13258597302978740224,21364
13258597302978740224,21363
13258597302978740224,21362
13258597302978740224,21361
13258597302978740224,21360
13258597302978740224,21359
13258597302978740224,21358
13258597302978740224,21357
13258597302978740224,21356
13258597302978740224,21355
13258597302978740224,21354
13258597302978740224,21353
13258597302978740224,21352
13258597302978740224,21351
13258597302978740224,21350
13258597302978740224,21349
13258597302978740224,21348
13258597302978740224,21347
13258597302978740224,21346
13258597302978740224,21345
13258597302978740224,21344
13258597302978740224,21343
13258597302978740224,21342
13258597302978740224,21341
13258597302978740224,21340
13258597302978740224,21339
13258597302978740224,21338
13258597302978740224,21337
13258597302978740224,21336
13258597302978740224,21335
13258597302978740224,21334
13258597302978740224,21333
13258597302978740224,21332
13258597302978740224,21331
13258597302978740224,21330
13258597302978740224,21329
9655717601082343424,21325
11529215046068469760,21316
11529215046068469760,21300
11529215046068469760,21299
11529215046068469760,21298
12393906174523604992,21287
12393906174523604992,21284
9223372036854775808,21268
9655717601082343424,21265
12393906174523604992,21261
12393906174523604992,21260
12393906174523604992,21258
12393906174523604992,21256
12393906174523604992,21253
9223372036854775808,21112
9223372036854775808,21106
9223372036854775808,21105
9223372036854775808,21044
9223372036854775808,21017
11331056662464167936,20962
9223372036854775808,20928
9799832789158199296,20850
11240984669916758016,20841
9223372036854775808,20764
9223372036854775808,20701
9223372036854775808,20688
9223372036854775808,20669
9223372036854775808,20481
9799832789158199296,20473
9223372036854775808,20254
9223372036854775808,20237
9223372036854775808,20236
9223372036854775808,20235
9223372036854775808,20234
9223372036854775808,20230
9223372036854775808,20227
9223372036854775808,20155
9223372036854775808,20128
9223372036854775808,19868
11529215046068469760,19813
9223372036854775808,19651
9223372036854775808,19642
11529215046068469760,19501
9223372036854775808,19455
9745789593629753344,19450
11529215046068469760,19418
10952754293765046272,19412
9223372036854775808,19322
10178135157857320960,19236
9223372036854775808,19210
9223372036854775808,19142
11529215046068469760,19140
9223372036854775808,19089
9223372036854775808,19085
9223372036854775808,19080
9223372036854775808,19039
9223372036854775808,18991
9223372036854775808,18879
11529215046068469760,18874
9223372036854775808,18819
9223372036854775808,18818
9601674405553897472,18751
9223372036854775808,18740
9223372036854775808,18727
9799832789158199296,18717
13060438919374438400,18715
12105675798371893248,18691
13636899671677861888,18685
13636899671677861888,18681
11529215046068469760,18678
9223372036854775808,18673
13636899671677861888,18669
13636899671677861888,18667
13636899671677861888,18665
13636899671677861888,18663
13636899671677861888,18662
13636899671677861888,18661
9223372036854775808,18657
13636899671677861888,18654
13636899671677861888,18653
13636899671677861888,18652
13636899671677861888,18651
13636899671677861888,18650
13636899671677861888,18649
13636899671677861888,18648
13636899671677861888,18647
13636899671677861888,18646
13636899671677861888,18645
13636899671677861888,18644
13636899671677861888,18643
13636899671677861888,18642
13636899671677861888,18641
13636899671677861888,18640
13636899671677861888,18639
13636899671677861888,18638
13636899671677861888,18637
13636899671677861888,18636
13636899671677861888,18635
13636899671677861888,18634
13636899671677861888,18633
13636899671677861888,18632
13636899671677861888,18631
13636899671677861888,18630
13636899671677861888,18629
13636899671677861888,18628
13636899671677861888,18627
13636899671677861888,18626
13636899671677861888,18625
13636899671677861888,18624
13636899671677861888,18623
13636899671677861888,18622
13636899671677861888,18621
13636899671677861888,18620
13636899671677861888,18619
13636899671677861888,18618
13636899671677861888,18617
13636899671677861888,18616
13636899671677861888,18615
13636899671677861888,18614
13636899671677861888,18613
13636899671677861888,18612
13636899671677861888,18611
13636899671677861888,18610
13636899671677861888,18609
13636899671677861888,18608
13636899671677861888,18607
13636899671677861888,18606
13636899671677861888,18605
13636899671677861888,18604
13636899671677861888,18603
13636899671677861888,18602
13636899671677861888,18601
13636899671677861888,18600
13636899671677861888,18599
13636899671677861888,18598
13636899671677861888,18597
13636899671677861888,18596
13636899671677861888,18595
13636899671677861888,18594
13636899671677861888,18593
13636899671677861888,18592
13636899671677861888,18591
13636899671677861888,18590
13636899671677861888,18589
13636899671677861888,18588
13636899671677861888,18587
13636899671677861888,18586
13636899671677861888,18585
13636899671677861888,18584
13636899671677861888,18583
13636899671677861888,18582
13636899671677861888,18581
13636899671677861888,18580
13636899671677861888,18579
13636899671677861888,18578
13636899671677861888,18577
13636899671677861888,18576
13636899671677861888,18575
13636899671677861888,18574
13636899671677861888,18573
13636899671677861888,18572
13636899671677861888,18571
13636899671677861888,18570
13636899671677861888,18569
13636899671677861888,18568
13636899671677861888,18567
13636899671677861888,18566
13636899671677861888,18565
13636899671677861888,18564
13636899671677861888,18563
13636899671677861888,18562
13636899671677861888,18561
13636899671677861888,18560
13636899671677861888,18559
13636899671677861888,18558
13636899671677861888,18557
13636899671677861888,18556
13636899671677861888,18555
13636899671677861888,18554
13636899671677861888,18553
13636899671677861888,18552
13636899671677861888,18551
13636899671677861888,18550
13636899671677861888,18549
13636899671677861888,18548
13636899671677861888,18547
13636899671677861888,18546
13636899671677861888,18545
13636899671677861888,18544
13636899671677861888,18543
13636899671677861888,18542
13636899671677861888,18541
13636899671677861888,18540
13636899671677861888,18538
13636899671677861888,18537
13636899671677861888,18536
13636899671677861888,18535
13636899671677861888,18534
13636899671677861888,18533
13636899671677861888,18532
13636899671677861888,18531
13636899671677861888,18530
13636899671677861888,18529
13636899671677861888,18528
13636899671677861888,18527
13636899671677861888,18526
13636899671677861888,18525
13636899671677861888,18524
13636899671677861888,18523
13636899671677861888,18522
13636899671677861888,18521
13636899671677861888,18520
13636899671677861888,18519
13636899671677861888,18518
13636899671677861888,18517
13636899671677861888,18516
13636899671677861888,18515
13636899671677861888,18514
13636899671677861888,18513
13636899671677861888,18512
13636899671677861888,18511
13636899671677861888,18510
13636899671677861888,18509
13636899671677861888,18508
13636899671677861888,18507
13636899671677861888,18506
13636899671677861888,18505
13636899671677861888,18504
13636899671677861888,18503
13636899671677861888,18502
13636899671677861888,18501
13636899671677861888,18500
13636899671677861888,18499
13636899671677861888,18498
13636899671677861888,18497
13636899671677861888,18496
13636899671677861888,18495
13636899671677861888,18494
13636899671677861888,18493
13636899671677861888,18492
13636899671677861888,18491
13636899671677861888,18490
13636899671677861888,18489
13636899671677861888,18488
13636899671677861888,18487
13636899671677861888,18486
13636899671677861888,18485
13636899671677861888,18484
13636899671677861888,18483
13636899671677861888,18482
13636899671677861888,18481
13636899671677861888,18480
13636899671677861888,18479
13636899671677861888,18478
13636899671677861888,18477
13636899671677861888,18476
13636899671677861888,18475
13636899671677861888,18474
13636899671677861888,18472
13636899671677861888,18471
13636899671677861888,18470
13636899671677861888,18469
13636899671677861888,18468
13636899671677861888,18467
13636899671677861888,18466
13636899671677861888,18465
13636899671677861888,18464
13636899671677861888,18463
13636899671677861888,18462
13636899671677861888,18461
13636899671677861888,18460
13636899671677861888,18459
13636899671677861888,18458
13636899671677861888,18457
13636899671677861888,18456
13636899671677861888,18455
13636899671677861888,18454
13636899671677861888,18453
13636899671677861888,18452
13636899671677861888,18451
13636899671677861888,18450
13636899671677861888,18449
13636899671677861888,18448
13636899671677861888,18447
13636899671677861888,18446
13636899671677861888,18445
13636899671677861888,18444
13636899671677861888,18443
13636899671677861888,18442
13636899671677861888,18441
13636899671677861888,18440
13636899671677861888,18439
13636899671677861888,18438
13636899671677861888,18437
13636899671677861888,18436
13636899671677861888,18435
13636899671677861888,18434
13636899671677861888,18433
13636899671677861888,18432
13636899671677861888,18431
13636899671677861888,18430
13636899671677861888,18429
13636899671677861888,18428
13636899671677861888,18427
13636899671677861888,18426
13636899671677861888,18425
13636899671677861888,18424
13636899671677861888,18423
13636899671677861888,18422
13636899671677861888,18421
13636899671677861888,18420
13636899671677861888,18419
13636899671677861888,18418
13636899671677861888,18417
13636899671677861888,18416
13636899671677861888,18415
13636899671677861888,18414
13636899671677861888,18413
13636899671677861888,18412
13636899671677861888,18411
13636899671677861888,18410
13636899671677861888,18409
13636899671677861888,18408
13636899671677861888,18407
13636899671677861888,18406
13636899671677861888,18405
13636899671677861888,18404
13636899671677861888,18403
13636899671677861888,18402
13636899671677861888,18401
13636899671677861888,18400
13636899671677861888,18399
13636899671677861888,18398
13636899671677861888,18397
13636899671677861888,18396
13636899671677861888,18395
13636899671677861888,18394
13636899671677861888,18393
13636899671677861888,18392
13636899671677861888,18391
13636899671677861888,18390
13636899671677861888,18389
13636899671677861888,18388
13636899671677861888,18387
13636899671677861888,18386
13636899671677861888,18385
13636899671677861888,18384
13636899671677861888,18383
13636899671677861888,18382
13636899671677861888,18381
13636899671677861888,18380
13636899671677861888,18379
13636899671677861888,18378
13636899671677861888,18377
13636899671677861888,18376
13636899671677861888,18375
13636899671677861888,18374
13636899671677861888,18373
13636899671677861888,18372
13636899671677861888,18371
13636899671677861888,18370
13636899671677861888,18369
13636899671677861888,18368
13636899671677861888,18367
13636899671677861888,18366
13636899671677861888,18365
13636899671677861888,18364
13636899671677861888,18363
13636899671677861888,18362
13636899671677861888,18361
13636899671677861888,18360
13636899671677861888,18359
13636899671677861888,18358
13636899671677861888,18357
13636899671677861888,18356
13636899671677861888,18355
13636899671677861888,18354
13636899671677861888,18353
13636899671677861888,18352
13636899671677861888,18351
13636899671677861888,18350
13636899671677861888,18349
13636899671677861888,18348
13636899671677861888,18346
13636899671677861888,18345
13636899671677861888,18344
13636899671677861888,18343
13636899671677861888,18342
13636899671677861888,18341
13636899671677861888,18340
13636899671677861888,18339
13636899671677861888,18338
13636899671677861888,18337
13636899671677861888,18336
13636899671677861888,18335
13636899671677861888,18334
13636899671677861888,18333
13636899671677861888,18332
13636899671677861888,18331
13636899671677861888,18330
13636899671677861888,18329
13636899671677861888,18328
13636899671677861888,18327
13636899671677861888,18326
13636899671677861888,18325
13636899671677861888,18324
13636899671677861888,18323
13636899671677861888,18322
13636899671677861888,18321
13636899671677861888,18320
13636899671677861888,18319
13636899671677861888,18318
13636899671677861888,18317
13636899671677861888,18316
13636899671677861888,18315
13636899671677861888,18314
13636899671677861888,18313
13636899671677861888,18312
13636899671677861888,18311
13636899671677861888,18310
13636899671677861888,18309
13636899671677861888,18308
13636899671677861888,18307
13636899671677861888,18306
13636899671677861888,18305
13636899671677861888,18304
13636899671677861888,18303
13636899671677861888,18302
13636899671677861888,18301
13636899671677861888,18300
13636899671677861888,18299
13636899671677861888,18298
13636899671677861888,18297
13636899671677861888,18296
13636899671677861888,18295
13636899671677861888,18294
13636899671677861888,18293
13636899671677861888,18292
13636899671677861888,18291
13636899671677861888,18290
13636899671677861888,18289
13636899671677861888,18288
13636899671677861888,18287
13636899671677861888,18286
13636899671677861888,18285
13636899671677861888,18284
13636899671677861888,18283
13636899671677861888,18282
13636899671677861888,18281
13636899671677861888,18280
13636899671677861888,18279
13636899671677861888,18278
9223372036854775808,18277
13636899671677861888,18275
10178135157857320960,18272
10178135157857320960,18268
9223372036854775808,18261
9223372036854775808,18260
9223372036854775808,18259
9223372036854775808,18258
9223372036854775808,18257
9223372036854775808,18256
9223372036854775808,18255
9223372036854775808,18254
9223372036854775808,18253
9223372036854775808,18252
9223372036854775808,18251
9223372036854775808,18250
9223372036854775808,18249
9223372036854775808,18248
9223372036854775808,18247
9223372036854775808,18246
9223372036854775808,18245
9223372036854775808,18244
9223372036854775808,18243
9223372036854775808,18242
9223372036854775808,18241
9223372036854775808,18240
9223372036854775808,18239
9223372036854775808,18238
9223372036854775808,18237
9223372036854775808,18236
9223372036854775808,18235
9223372036854775808,18234
9223372036854775808,18233
9223372036854775808,18232
9223372036854775808,18231
9223372036854775808,18230
9223372036854775808,18229
9223372036854775808,18228
9223372036854775808,18227
9223372036854775808,18226
9223372036854775808,18225
9223372036854775808,18224
9223372036854775808,18223
9223372036854775808,18222
9223372036854775808,18221
9223372036854775808,18220
9223372036854775808,18219
9223372036854775808,18218
9223372036854775808,18217
9223372036854775808,18216
9223372036854775808,18215
9223372036854775808,18214
9223372036854775808,18213
9223372036854775808,18212
9223372036854775808,18211
9223372036854775808,18210
9223372036854775808,18209
9223372036854775808,18208
9223372036854775808,18207
9223372036854775808,18206
9223372036854775808,18205
9223372036854775808,18204
9223372036854775808,18203
9223372036854775808,18202
9223372036854775808,18201
9223372036854775808,18200
9223372036854775808,18199
9223372036854775808,18198
9223372036854775808,18197
9223372036854775808,18196
9223372036854775808,18195
9223372036854775808,18194
9223372036854775808,18193
9223372036854775808,18192
9223372036854775808,18191
9223372036854775808,18190
9223372036854775808,18189
9223372036854775808,18188
9223372036854775808,18187
12105675798371893248,18183
11529215046068469760,18100
13420726889564078080,18027
9223372036854775808,17981
9799832789158199296,17966
9223372036854775808,17937
11529215046068469760,17926
10088063165309911040,17785
9223372036854775808,17772
9223372036854775808,17769
9223372036854775808,17764
12105675798371893248,17756
9223372036854775808,17693
9223372036854775808,17692
9223372036854775808,17691
9223372036854775808,17690
9223372036854775808,17587
9223372036854775808,17522
11529215046068469760,17456
9223372036854775808,17440
10376293541461622784,17427
9223372036854775808,17414
9223372036854775808,17350
9655717601082343424,17310
9655717601082343424,17309
9655717601082343424,17308
9655717601082343424,17307
9655717601082343424,17306
9655717601082343424,17305
9655717601082343424,17304
9655717601082343424,17303
9655717601082343424,17302
9655717601082343424,17301
9223372036854775808,17300
9223372036854775808,17299
9223372036854775808,17283
10376293541461622784,17281
9223372036854775808,17272
9223372036854775808,17257
9223372036854775808,17205
9223372036854775808,17177
10952754293765046272,17132
9511602413006487552,17116
9223372036854775808,17020
14267403619509731328,17003
12105675798371893248,16979
12105675798371893248,16978
10376293541461622784,16968
9223372036854775808,16951
9223372036854775808,16932
11673330234144325632,16898
9223372036854775808,16897
9223372036854775808,16896
9223372036854775808,16895
9223372036854775808,16874
9655717601082343424,16727
9223372036854775808,16634
9223372036854775808,16633
11529215046068469760,16632
9223372036854775808,16624
9223372036854775808,16610
11529215046068469760,16563
11529215046068469760,16534
14123288431433875456,16487
9223372036854775808,16457
9223372036854775808,16448
9223372036854775808,16428
9223372036854775808,16426
9223372036854775808,16420
9223372036854775808,16344
9223372036854775808,16110
11529215046068469760,16030
9223372036854775808,16023
9223372036854775808,16022
9223372036854775808,16021
9223372036854775808,16020
9223372036854775808,16019
9223372036854775808,16018
11529215046068469760,15925
10376293541461622784,15901
9223372036854775808,15837
9943947977234055168,15828
9223372036854775808,15806
11529215046068469760,15695
9223372036854775808,15654
9223372036854775808,15600
9223372036854775808,15594
9223372036854775808,15585
9511602413006487552,15569
9223372036854775808,15568
9223372036854775808,15541
9223372036854775808,15489
9223372036854775808,15322
9223372036854775808,15166
11529215046068469760,15150
9223372036854775808,15114
13835058055282163712,15105
9223372036854775808,14990
13636899671677861888,14927
9223372036854775808,14749
9223372036854775808,14735
9223372036854775808,14678
16140901064495857664,14676
9223372036854775808,14663
12393906174523604992,14643
9223372036854775808,14557
9223372036854775808,14546
9223372036854775808,14474
10376293541461622784,14441
10376293541461622784,14440
10376293541461622784,14439
10376293541461622784,14438
10376293541461622784,14437
10376293541461622784,14410
9223372036854775808,14283
9223372036854775808,14273
9223372036854775808,14245
9223372036854775808,14224
12682136550675316736,14178
9223372036854775808,14119
11529215046068469760,14083
9223372036854775808,14040
10664523917613334528,13879
9223372036854775808,13878
9223372036854775808,13877
9223372036854775808,13876
9223372036854775808,13814
9223372036854775808,13748
11240984669916758016,13701
9223372036854775808,13548
9223372036854775808,13495
9223372036854775808,13394
9223372036854775808,13393
9223372036854775808,13392
9223372036854775808,13391
9223372036854775808,13390
9223372036854775808,13388
9223372036854775808,13365
9223372036854775808,13204
9223372036854775808,13066
9223372036854775808,13035
14987979559889010688,12737
13060438919374438400,12716
9799832789158199296,12651
9223372036854775808,12643
9223372036854775808,12581
12447949370052050944,12572
9223372036854775808,12479
9223372036854775808,12477
9223372036854775808,12448
9223372036854775808,12359
11529215046068469760,12174
9223372036854775808,11835
9223372036854775808,11776
9223372036854775808,11775
9223372036854775808,11774
9223372036854775808,11773
9223372036854775808,11772
9223372036854775808,11771
9223372036854775808,11770
9223372036854775808,11769
9223372036854775808,11768
9223372036854775808,11764
9223372036854775808,11704
9511602413006487552,11549
9223372036854775808,11443
9223372036854775808,11442
9223372036854775808,11441
11529215046068469760,11436
9223372036854775808,11431
11529215046068469760,11376
9223372036854775808,11375
9511602413006487552,11368
11529215046068469760,11142
9223372036854775808,11104
9223372036854775808,11067
9223372036854775808,11019
10376293541461622784,10931
9223372036854775808,10871
9601674405553897472,10863
9223372036854775808,10854
9223372036854775808,10852
9223372036854775808,10774
9223372036854775808,10680
9223372036854775808,10679
9223372036854775808,10678
9223372036854775808,10677
9223372036854775808,10676
9223372036854775808,10675
9223372036854775808,10674
9223372036854775808,10673
9223372036854775808,10672
9223372036854775808,10671
9223372036854775808,10670
9223372036854775808,10669
9223372036854775808,10668
9223372036854775808,10667
9223372036854775808,10666
9223372036854775808,10665
9223372036854775808,10664
9223372036854775808,10663
9223372036854775808,10662
12682136550675316736,10616
9223372036854775808,10470
9223372036854775808,10469
9223372036854775808,10455
9223372036854775808,10454
11529215046068469760,10442
9223372036854775808,10422
11529215046068469760,10394
10178135157857320960,10277
11331056662464167936,10182
9223372036854775808,10134
9223372036854775808,9976
9223372036854775808,9402
9223372036854775808,9162
13835058055282163712,9120
11240984669916758016,9092
9223372036854775808,8783
10178135157857320960,8730
9223372036854775808,8646
10088063165309911040,8610
9223372036854775808,8499
9223372036854775808,8421
9223372036854775808,8365
9223372036854775808,8300
9223372036854775808,8274
9223372036854775808,8248
9223372036854775808,8077
11529215046068469760,8022
9223372036854775808,8010
9223372036854775808,8009
9223372036854775808,8008
9223372036854775808,8007
9223372036854775808,8006
9223372036854775808,8005
9223372036854775808,8002
9223372036854775808,8001
9223372036854775808,7993
9223372036854775808,7985
9223372036854775808,7950
9223372036854775808,7937
9223372036854775808,7921
9223372036854775808,7919
9223372036854775808,7901
9223372036854775808,7888
9223372036854775808,7656
9223372036854775808,7646
9223372036854775808,7645
9223372036854775808,7583
9223372036854775808,7396
9223372036854775808,7395
9223372036854775808,7394
9223372036854775808,7393
9223372036854775808,7392
9223372036854775808,7391
9223372036854775808,7390
9223372036854775808,7389
9799832789158199296,7322
9223372036854775808,7257
9223372036854775808,7167
9223372036854775808,7108
9223372036854775808,7095
10376293541461622784,7045
10376293541461622784,7038
9223372036854775808,7021
9223372036854775808,7020
9223372036854775808,7018
9223372036854775808,7017
9223372036854775808,7016
9223372036854775808,7005
9223372036854775808,6990
9223372036854775808,6963
9223372036854775808,6932
9223372036854775808,6900
9223372036854775808,6851
9223372036854775808,6850
9223372036854775808,6849
9223372036854775808,6847
9223372036854775808,6846
9223372036854775808,6845
9223372036854775808,6764
14987979559889010688,6750
11529215046068469760,6748
9223372036854775808,6734
9223372036854775808,6666
9223372036854775808,6644
10376293541461622784,6636
9223372036854775808,6590
9223372036854775808,6574
9223372036854775808,6561
9367487224930631680,6482
9223372036854775808,6302
9223372036854775808,6266
9223372036854775808,6192
9223372036854775808,6067
9223372036854775808,5974
11529215046068469760,5965
10376293541461622784,5831
12682136550675316736,5769
9223372036854775808,5743
9223372036854775808,5720
9223372036854775808,5715
12105675798371893248,5709
9223372036854775808,5698
9223372036854775808,5685
11907517414767591424,5615
9223372036854775808,5601
9223372036854775808,5579
9799832789158199296,5574
9223372036854775808,5505
9223372036854775808,5445
9223372036854775808,5419
9223372036854775808,5392
9223372036854775808,5369
10178135157857320960,5368
10178135157857320960,5367
9223372036854775808,5366
9223372036854775808,5364
10178135157857320960,5363
10178135157857320960,5362
9223372036854775808,5361
9223372036854775808,5355
9223372036854775808,5299
9223372036854775808,5298
9223372036854775808,5297
9223372036854775808,5295
9223372036854775808,5294
9223372036854775808,5293
9223372036854775808,5292
9223372036854775808,5291
9223372036854775808,5289
9223372036854775808,5288
9511602413006487552,5287
9223372036854775808,5286
9223372036854775808,5285
9223372036854775808,5284
9223372036854775808,5283
9223372036854775808,5281
9223372036854775808,5279
9223372036854775808,5278
9223372036854775808,5277
9799832789158199296,5275
9223372036854775808,5274
9223372036854775808,5273
9223372036854775808,5272
9223372036854775808,5271
9223372036854775808,5270
9223372036854775808,5269
9223372036854775808,5268
9223372036854775808,5267
9223372036854775808,5266
9223372036854775808,5265
9223372036854775808,5264
9223372036854775808,5263
9223372036854775808,5262
9223372036854775808,5261
9223372036854775808,5260
9223372036854775808,5259
9223372036854775808,5258
9223372036854775808,5257
9223372036854775808,5256
9223372036854775808,5255
9223372036854775808,5254
9223372036854775808,5253
9223372036854775808,5252
9223372036854775808,5251
9223372036854775808,5250
9223372036854775808,5249
9223372036854775808,5248
9223372036854775808,5247
9223372036854775808,5246
9223372036854775808,5244
9223372036854775808,5242
9223372036854775808,5241
9223372036854775808,5240
9223372036854775808,5239
9223372036854775808,5238
10268207150404730880,5237
9223372036854775808,5236
9223372036854775808,5234
9223372036854775808,5233
9223372036854775808,5232
9223372036854775808,5231
9223372036854775808,5230
9223372036854775808,5229
9223372036854775808,5228
9223372036854775808,5227
9223372036854775808,5226
9223372036854775808,5225
9223372036854775808,5224
9223372036854775808,5223
9223372036854775808,5222
9223372036854775808,5221
9223372036854775808,5220
9223372036854775808,5218
9223372036854775808,5217
9223372036854775808,5212
9223372036854775808,5184
11817445422220181504,5182
9223372036854775808,5175
9223372036854775808,5159
9223372036854775808,5158
9223372036854775808,5157
9223372036854775808,5156
9223372036854775808,5155
12483978167071014912,5154
12483978167071014912,5153
11529215046068469760,5122
10376293541461622784,5115
9223372036854775808,5107
9223372036854775808,5099
9223372036854775808,5098
9223372036854775808,4973
13835058055282163712,4935
9223372036854775808,4930
9223372036854775808,4909
9223372036854775808,4902
10376293541461622784,4886
11673330234144325632,4870
9223372036854775808,4701
9223372036854775808,4628
13799029258263199744,4595
9223372036854775808,4584
9223372036854775808,4489
9223372036854775808,4446
9223372036854775808,4205
11529215046068469760,4204
10376293541461622784,4199
12682136550675316736,4000
9223372036854775808,3915
9223372036854775808,3906
12105675798371893248,3846
12682136550675316736,3757
9223372036854775808,3584
9223372036854775808,3543
11529215046068469760,3514
12682136550675316736,3016
10952754293765046272,2862
10376293541461622784,1806
10376293541461622784,1759
9223372036854775808,1758
9223372036854775808,1753
9223372036854775808,1600
9223372036854775808,421
11529215046068469760,290
